+6289621400002
+6289621400003
+6289621400005
+6289621400007
+6289621400009
+6289621400010
+6289621400012
+6289621400013
+6289621400014
+6289621400017
+6289621400018
+6289621400023
+6289621400024
+6289621400029
+6289621400030
+6289621400031
+6289621400032
+6289621400037
+6289621400038
+6289621400039
+6289621400041
+6289621400042
+6289621400046
+6289621400047
+6289621400048
+6289621400050
+6289621400056
+6289621400057
+6289621400058
+6289621400060
+6289621400061
+6289621400062
+6289621400065
+6289621400066
+6289621400079
+6289621400084
+6289621400087
+6289621400091
+6289621400095
+6289621400097
+6289621400119
+6289621400124
+6289621400128
+6289621400132
+6289621400133
+6289621400134
+6289621400136
+6289621400141
+6289621400142
+6289621400144
+6289621400145
+6289621400146
+6289621400147
+6289621400148
+6289621400149
+6289621400150
+6289621400154
+6289621400155
+6289621400157
+6289621400158
+6289621400160
+6289621400164
+6289621400167
+6289621400168
+6289621400172
+6289621400173
+6289621400176
+6289621400181
+6289621400186
+6289621400188
+6289621400190
+6289621400200
+6289621400209
+6289621400216
+6289621400217
+6289621400220
+6289621400221
+6289621400225
+6289621400227
+6289621400233
+6289621400240
+6289621400243
+6289621400246
+6289621400253
+6289621400258
+6289621400262
+6289621400268
+6289621400273
+6289621400274
+6289621400277
+6289621400278
+6289621400279
+6289621400280
+6289621400282
+6289621400284
+6289621400288
+6289621400292
+6289621400293
+6289621400294
+6289621400295
